OBJECTS 200
1 0 1000 24 611 104 0 0 0 0 4 0.6 Rubber 1 71 224 177
1 0 1000 100 591 702 0 0 0 0 4 0.6 Rubber 1 249 100 122
1 0 60 700 168 408 0 0 0 0 4 0.6 Rubber 1 41 93 225
1 0 60 700 1058 432 0 0 0 0 4 0.6 Rubber 1 90 8 151
0 18 0 0 216.179 347.675 -0.122029 14.0279 1.45695 0.00297105 2 0.6 Steel 0 215 102 110
0 18 0 0 461.308 511.815 -2.72373 9.17449 -0.386678 0.350697 2 0.6 Steel 0 205 49 139
0 18 0 0 632.806 635.466 -3.59874 7.28275 1.27737 -0.0792677 2 0.6 Steel 0 217 107 226
0 18 0 0 731.78 476.967 1.57373 13.7011 4.65956 -0.00525797 2 0.6 Steel 0 248 209 101
0 18 0 0 246.611 436.421 -0.485099 19.9077 -4.32299 -0.0491393 2 0.6 Steel 0 2 138 216
0 18 0 0 605.715 446.115 4.50969 13.3314 1.62158 0.0693306 2 0.6 Steel 0 64 53 216
0 18 0 0 438.807 604.867 -4.62119 6.7663 -0.106846 0.228959 2 0.6 Steel 0 158 204 24
0 18 0 0 479.635 478.926 -2.01414 17.6539 -0.778011 0.00501806 2 0.6 Steel 0 211 4 190
0 18 0 0 569.737 445.74 3.64116 11.6813 3.31854 -0.269719 2 0.6 Steel 0 2 164 240
0 18 0 0 753.255 543.195 -2.0527 11.2883 1.79503 0.0211772 2 0.6 Steel 0 89 171 193
0 18 0 0 251.133 636.108 -10.9012 5.58526 4.54158 -0.580712 2 0.6 Steel 0 85 30 122
0 18 0 0 751.343 604.57 -10.6252 7.5493 -1.64692 0.405911 2 0.6 Steel 0 223 212 22
0 18 0 0 805.365 512.603 -4.29104 10.1932 0.710798 -0.0823538 2 0.6 Steel 0 117 35 129
0 18 0 0 716.715 604.373 -10.887 5.29777 -0.0075246 0.219904 2 0.6 Steel 0 129 139 183
0 18 0 0 943.856 442.721 -1.60982 12.8224 1.48637 0.180835 2 0.6 Steel 0 91 202 168
0 18 0 0 942.167 575.217 -3.51316 10.4544 1.93639 0.00267134 2 0.6 Steel 0 120 154 211
0 18 0 0 646.228 602.946 -8.64513 3.00422 -2.12741 -0.433026 2 0.6 Steel 0 129 23 100
0 18 0 0 305.705 482.177 -3.63856 11.0935 2.61345 -0.304965 2 0.6 Steel 0 157 25 39
0 18 0 0 703.457 511.811 -1.09765 10.0542 -0.72489 0 2 0.6 Steel 0 189 39 176
0 18 0 0 339.373 483.305 -1.59211 12.9583 0.954208 0.13883 2 0.6 Steel 0 94 111 181
0 18 0 0 641.557 446.719 5.76679 12.8559 -0.128245 0.240883 2 0.6 Steel 0 202 224 225
0 18 0 0 588.554 415.13 6.83719 10.5589 -4.33991 0.718704 2 0.6 Steel 0 170 226 17
0 18 0 0 547.427 540.61 -0.576285 -1.24405 2.22035 0 2 0.6 Steel 0 70 132 57
0 18 0 0 785.894 446.309 2.84668 13.0045 -0.713823 0.0441147 2 0.6 Steel 0 88 222 54
0 18 0 0 924.604 605.157 -7.5329 6.12695 0.866187 0.337269 2 0.6 Steel 0 12 248 174
0 18 0 0 444.317 419.802 2.84204 16.6443 0.0524272 0.102271 2 0.6 Steel 0 88 5 245
0 18 0 0 839.321 477.901 -1.82529 12.0652 -1.84706 0.288926 2 0.6 Steel 0 83 21 162
0 18 0 0 681.812 603.927 -11.2883 4.63633 -1.23232 0.516146 2 0.6 Steel 0 54 145 216
0 18 0 0 839.799 512.942 -0.668657 8.50661 -4.67293 0 2 0.6 Steel 0 161 79 151
0 18 0 0 995.26 604.649 -5.39834 2.73528 -0.338282 -0.0809034 2 0.6 Steel 0 151 51 187
0 18 0 0 735.074 573.948 -5.03164 9.55956 -4.80531 0.141434 2 0.6 Steel 0 215 132 195
0 18 0 0 980.453 519.019 -1.03006 13.1917 -1.20354 0.338486 2 0.6 Steel 0 50 107 247
0 18 0 0 519.711 568.871 -4.35094 5.57142 2.39279 -0.740916 2 0.6 Steel 0 232 223 51
0 18 0 0 749.905 445.974 2.82395 8.1764 -2.67972 0.263567 2 0.6 Steel 0 26 242 201
0 18 0 0 945.624 478.266 3.13012 5.912 -1.27555 -0.292434 2 0.6 Steel 0 219 187 217
0 18 0 0 582.254 535.917 0.000167421 16.2459 -0.130405 -0.116999 2 0.6 Steel 0 121 0 141
0 18 0 0 980.049 484.347 -1.41028 10.4208 5.62015 -0.0377394 2 0.6 Steel 0 39 78 241
0 18 0 0 519.875 635.928 3.01996 5.0771 -4.49676 -0.0956172 2 0.6 Steel 0 205 76 153
0 18 0 0 803.414 477.462 2.60962 13.4048 -1.20498 0.069349 2 0.6 Steel 0 175 12 254
0 18 0 0 677.511 447.429 4.97851 13.5442 -4.0823 0.200944 2 0.6 Steel 0 230 250 170
0 18 0 0 337.287 605.254 -6.91854 9.04225 2.43439 0.336657 2 0.6 Steel 0 165 86 215
0 18 0 0 296.841 353.456 7.40047 18.767 -5.00823 0.336179 2 0.6 Steel 0 99 237 97
0 18 0 0 272.033 547.534 -2.8844 14.349 1.68656 0.187739 2 0.6 Steel 0 177 252 87
0 18 0 0 941.905 635.129 -8.68745 7.658 1.51183 -0.424626 2 0.6 Steel 0 19 118 72
0 18 0 0 355.932 452.714 1.67057 14.0019 -2.18483 0.15429 2 0.6 Steel 0 220 13 48
0 18 0 0 373.225 543.878 -4.05145 12.4622 -1.1021 0.135817 2 0.6 Steel 0 236 178 27
0 18 0 0 1010.41 466.465 -0.374214 12.483 3.72974 -0.264573 2 0.6 Steel 0 130 124 234
0 18 0 0 374.087 482.975 -0.702286 13.0013 -1.93851 0.0894271 2 0.6 Steel 0 80 201 197
0 18 0 0 355.651 391.848 2.15154 19.382 -3.15265 0.17259 2 0.6 Steel 0 90 62 107
0 18 0 0 285.361 635.364 -6.69469 8.64626 2.28311 -0.515648 2 0.6 Steel 0 76 157 1
0 18 0 0 533.15 446.639 2.20627 16.4554 0.0144026 -0.257595 2 0.6 Steel 0 81 15 215
0 18 0 0 215.87 383.283 0.0767843 16.0174 -2.78818 0.179455 2 0.6 Steel 0 239 76 111
0 18 0 0 733.874 634.915 -10.5092 7.0789 1.6875 -0.697885 2 0.6 Steel 0 142 218 19
0 18 0 0 893.555 447.284 3.28376 12.0203 -0.864778 0.009929 2 0.6 Steel 0 140 151 57
0 18 0 0 1010.03 430.723 -0.815714 11.5815 2.03921 -0.254391 2 0.6 Steel 0 130 184 157
0 18 0 0 967.339 415.412 8.97478 14.6353 3.73567 0.140809 2 0.6 Steel 0 53 189 198
0 18 0 0 338.042 422.624 1.75789 17.3597 -0.145117 0 2 0.6 Steel 0 191 21 251
0 18 0 0 455.831 574.456 -4.32334 6.90631 1.59205 -0.199804 2 0.6 Steel 0 20 83 192
0 18 0 0 960.13 545.645 -3.23442 13.4981 1.23758 0.230507 2 0.6 Steel 0 153 173 220
0 18 0 0 286.553 576.313 -6.25831 11.0377 -2.36657 0.340998 2 0.6 Steel 0 38 120 84
0 18 0 0 977.153 574.974 -5.62691 7.78273 5.80551 -0.147862 2 0.6 Steel 0 98 200 233
0 18 0 0 355.011 574.59 -5.82334 11.3474 0.56543 0.0307011 2 0.6 Steel 0 199 105 19
0 18 0 0 278.11 453.776 -6.06791 18.3973 -0.0403862 0 2 0.6 Steel 0 190 182 133
0 18 0 0 976.783 634.962 -5.77966 4.0846 2.78583 -0.234376 2 0.6 Steel 0 8 69 234
0 18 0 0 391.467 452.155 -1.77074 13.8065 -1.25533 0.242145 2 0.6 Steel 0 111 63 50
0 18 0 0 515.283 477.908 -0.377143 9.79328 -1.49979 0.268691 2 0.6 Steel 0 195 131 120
0 18 0 0 508.341 603.007 -0.052675 -0.150293 1.48395 -0.202506 2 0.6 Steel 0 215 36 232
0 18 0 0 286.715 516.989 -2.54525 12.0389 5.02743 -0.11622 2 0.6 Steel 0 236 8 111
0 18 0 0 873.04 574.407 -4.41491 7.93107 -1.50926 -0.252888 2 0.6 Steel 0 106 92 78
0 18 0 0 442.973 542.727 -4.11291 9.52054 -2.30222 -0.192643 2 0.6 Steel 0 14 81 114
0 18 0 0 624.504 415.423 5.08117 13.3632 1.74979 -0.356253 2 0.6 Steel 0 232 34 175
0 18 0 0 213.45 589.052 -9.64698 6.04829 2.4829 0.361768 2 0.6 Steel 0 10 42 15
0 18 0 0 551.305 415.805 4.12016 14.767 0.0270899 0.190304 2 0.6 Steel 0 176 36 232
0 18 0 0 319.677 635.419 -11.9788 7.58723 2.54259 -0.887508 2 0.6 Steel 0 78 132 146
0 18 0 0 215.111 453.188 -4.52924 17.0658 4.26208 0 2 0.6 Steel 0 234 56 86
0 18 0 0 387.495 635.143 -5.31427 6.72637 4.98707 -0.573836 2 0.6 Steel 0 28 116 17
0 18 0 0 651.286 540.634 0.201077 11.5833 -5.64735 0.110598 2 0.6 Steel 0 244 3 170
0 18 0 0 737.163 511.955 -2.27728 13.1822 -4.79218 -0.0535837 2 0.6 Steel 0 93 136 197
0 18 0 0 426.822 451.278 0.646133 10.6125 -1.13684 0.263378 2 0.6 Steel 0 139 125 100
0 18 0 0 837.537 635.033 -8.54964 8.28521 4.41335 -0.39867 2 0.6 Steel 0 80 247 200
0 18 0 0 338.862 544.35 -3.3676 14.4223 -4.45224 -0.0957863 2 0.6 Steel 0 97 180 254
0 18 0 0 713.553 446.246 6.88091 13.2512 -3.8651 0.262064 2 0.6 Steel 0 132 233 248
0 18 0 0 515.445 416.388 4.48864 18.591 -1.32624 0.00223331 2 0.6 Steel 0 255 80 208
0 18 0 0 242.229 540.325 -0.211716 5.02025 3.66237 0.0587276 2 0.6 Steel 0 50 37 213
0 18 0 0 497.521 385.735 3.05043 20.0835 -1.59235 0.0837292 2 0.6 Steel 0 200 100 82
0 18 0 0 214.266 522.211 -2.91419 11.5825 0.48936 -0.233589 2 0.6 Steel 0 107 134 132
0 18 0 0 487.816 635.088 0.166116 4.46726 0.518617 -0.454911 2 0.6 Steel 0 228 89 4
0 18 0 0 421.153 635.145 -5.76063 6.6912 4.83069 -0.70481 2 0.6 Steel 0 144 102 192
0 18 0 0 496.415 508.2 -2.35945 13.337 0.696701 -0.303567 2 0.6 Steel 0 111 160 153
0 18 0 0 876.579 415.923 5.80336 10.7303 1.7355 -0.207412 2 0.6 Steel 0 40 196 242
0 18 0 0 407.96 543.45 -3.90038 12.8552 1.0223 -0.0178393 2 0.6 Steel 0 156 133 201
0 18 0 0 305.271 545.678 -2.67539 11.1231 -1.24643 -0.0910615 2 0.6 Steel 0 101 88 207
0 18 0 0 277.56 419.28 -0.190199 18.762 -1.49979 0.245437 2 0.6 Steel 0 157 8 34
0 18 0 0 550.795 476.186 0.472511 14.6535 -3.73447 0.0181402 2 0.6 Steel 0 79 212 238
0 18 0 0 462.093 449.56 1.59865 14.6937 4.41719 -0.121549 2 0.6 Steel 0 242 34 118
0 18 0 0 488.364 574.471 -3.83718 6.07192 1.33824 0.0376321 2 0.6 Steel 0 1 40 29
0 18 0 0 373.639 421.983 1.25343 15.9603 2.88922 -0.10203 2 0.6 Steel 0 22 100 249
0 18 0 0 1011.2 634.857 -2.10417 4.86274 3.41694 -0.439318 2 0.6 Steel 0 181 5 5
0 18 0 0 840.639 416.369 5.73135 13.55 3.7624 -0.213717 2 0.6 Steel 0 196 244 179
0 18 0 0 838.42 574.323 -4.98243 11.7103 -1.6625 0.158998 2 0.6 Steel 0 202 51 245
0 18 0 0 700.785 573.63 -3.65957 9.55566 -4.69656 0.0201954 2 0.6 Steel 0 83 30 74
0 18 0 0 215.724 418.478 -0.651098 17.4149 0.680792 0.100899 2 0.6 Steel 0 23 60 201
0 18 0 0 246.895 401.24 2.30632 19.5005 0.330298 -0.0175138 2 0.6 Steel 0 8 112 33
0 18 0 0 371.182 604.818 -7.89671 7.33044 -3.598 0.12731 2 0.6 Steel 0 50 43 215
0 18 0 0 803.871 574.214 -3.05343 11.0374 -3.44358 0.0326489 2 0.6 Steel 0 19 128 63
0 18 0 0 601.933 507.266 0.662347 13.19 -0.239288 0 2 0.6 Steel 0 173 9 138
0 18 0 0 785.901 604.666 -9.50678 5.48215 -2.2769 0.234399 2 0.6 Steel 0 66 105 211
0 18 0 0 247.205 365.874 0.943548 16.599 -1.31484 0.163264 2 0.6 Steel 0 20 17 14
0 18 0 0 320.991 575.414 -3.41363 11.0343 -2.71621 0.00709288 2 0.6 Steel 0 3 183 119
0 18 0 0 244.575 470.801 -5.94217 16.6972 0.740517 0.0104531 2 0.6 Steel 0 51 128 78
0 18 0 0 512.592 537.16 -4.43984 7.91988 -4.47814 0.466606 2 0.6 Steel 0 234 195 174
0 18 0 0 426.202 512.601 -2.36774 12.2047 0.941536 0.0308639 2 0.6 Steel 0 78 15 152
0 18 0 0 622.41 477.203 1.41527 6.96511 -1.65688 -0.118163 2 0.6 Steel 0 48 249 242
0 18 0 0 497.581 447.849 0.240822 11.2737 -0.814003 0.12171 2 0.6 Steel 0 186 194 72
0 18 0 0 821.886 543.626 -2.69266 11.8085 0.821067 0.0815641 2 0.6 Steel 0 191 241 183
0 18 0 0 533.35 385.138 4.91394 18.5363 -1.9796 -0.176896 2 0.6 Steel 0 195 60 184
0 18 0 0 236.507 607.879 -10.771 3.52716 0.174485 -0.131243 2 0.6 Steel 0 228 182 57
0 18 0 0 787.483 543.406 -1.18892 9.31481 0.813561 -0.0412942 2 0.6 Steel 0 132 11 209
0 18 0 0 1010.25 538.125 -0.279372 9.04358 5.83942 -0.204055 2 0.6 Steel 0 219 132 58
0 18 0 0 532.185 508.373 -2.40972 4.91532 -4.36322 -0.122311 2 0.6 Steel 0 141 229 150
0 18 0 0 769.425 574.086 -3.31147 11.3691 0.158845 -0.0544065 2 0.6 Steel 0 211 225 12
0 18 0 0 569.502 384.933 3.75867 15.1156 4.76402 -0.602105 2 0.6 Steel 0 112 174 236
0 18 0 0 875.128 478.094 2.14559 11.7551 -1.81955 0.0990683 2 0.6 Steel 0 249 213 10
0 18 0 0 478.018 541.879 -4.41283 4.58257 2.77968 -0.152991 2 0.6 Steel 0 119 139 49
0 18 0 0 321.288 513.929 -1.65076 11.1113 -0.739393 -0.13974 2 0.6 Steel 0 41 66 48
0 18 0 0 353.715 635.249 -8.86739 10.2104 3.61919 -0.456695 2 0.6 Steel 0 213 187 42
0 18 0 0 461.866 386.823 4.55273 13.5202 -1.95777 -0.0554348 2 0.6 Steel 0 240 217 15
0 18 0 0 633.632 569.927 -3.82698 6.22253 -0.0937347 0.15495 2 0.6 Steel 0 225 28 214
0 18 0 0 959.764 605.118 -9.33598 5.83775 -4.89668 0.431453 2 0.6 Steel 0 47 198 0
0 18 0 0 820.489 604.728 -9.75548 7.23669 -4.48934 0.425806 2 0.6 Steel 0 79 49 160
0 18 0 0 767.579 477.075 -0.265082 12.4982 2.24655 -0.150345 2 0.6 Steel 0 46 226 102
0 18 0 0 823.588 385.07 8.88155 10.0525 -1.40889 0.334611 2 0.6 Steel 0 125 252 122
0 18 0 0 426.429 389.558 5.65292 16.5346 -4.51027 0.220863 2 0.6 Steel 0 189 88 77
0 18 0 0 313.25 447.794 -2.36938 15.1599 -3.77698 0.014639 2 0.6 Steel 0 67 53 12
0 18 0 0 390.999 390.594 5.01257 16.5212 -0.882827 -0.00149366 2 0.6 Steel 0 197 5 42
0 18 0 0 910.592 478.131 2.07776 8.36104 -6.16876 0.0832558 2 0.6 Steel 0 124 164 185
0 18 0 0 857.794 447.338 3.42791 13.3783 -4.50049 0.174697 2 0.6 Steel 0 79 2 216
0 18 0 0 891.141 543.839 -2.17545 10.5014 3.16823 0.090439 2 0.6 Steel 0 44 57 78
0 18 0 0 658.316 477.735 -0.0714972 10.5603 -2.01576 0 2 0.6 Steel 0 211 201 43
0 18 0 0 1010.78 502.229 -0.364916 13.5234 -0.289851 0.0769297 2 0.6 Steel 0 13 167 155
0 18 0 0 660.48 416.135 8.12838 13.7678 1.17812 -0.175916 2 0.6 Steel 0 188 198 140
0 18 0 0 685.171 542.351 -1.07594 10.1466 -3.50273 0.147476 2 0.6 Steel 0 7 157 173
0 18 0 0 454.689 635.148 -2.13645 7.59023 3.67881 -0.348837 2 0.6 Steel 0 248 170 116
0 18 0 0 916.438 419.748 3.62197 10.9019 -6.15884 0.123337 2 0.6 Steel 0 218 148 185
0 18 0 0 945.033 513.774 -1.84469 11.3466 -1.88967 0.143839 2 0.6 Steel 0 133 120 111
0 18 0 0 768.354 634.985 -4.40941 10.5346 1.67823 -0.425617 2 0.6 Steel 0 8 206 47
0 18 0 0 268.89 605.242 -9.82473 5.93663 -0.830389 0.0341459 2 0.6 Steel 0 150 34 201
0 18 0 0 872.218 635.063 -7.33967 8.23125 1.45501 -0.595149 2 0.6 Steel 0 95 161 59
0 18 0 0 1011.19 573.434 -2.81414 8.57925 3.01611 0 2 0.6 Steel 0 213 5 4
0 18 0 0 249.397 575.142 -6.1884 10.2315 -1.71806 0.386489 2 0.6 Steel 0 190 80 3
0 18 0 0 635.836 509.504 0.968075 7.84347 1.1818 -0.185896 2 0.6 Steel 0 219 206 167
0 18 0 0 586.565 476.305 1.07095 13.7115 -0.441224 0 2 0.6 Steel 0 251 8 190
0 18 0 0 821.886 446.947 3.64545 11.7586 -2.79524 0.10504 2 0.6 Steel 0 15 16 195
0 18 0 0 356.241 513.689 -2.90464 15.39 -0.0684335 0.0338224 2 0.6 Steel 0 106 94 148
0 18 0 0 272.98 487.359 -2.33249 11.1775 -1.38751 0.321311 2 0.6 Steel 0 26 252 19
0 18 0 0 855.132 604.787 -9.43976 7.42702 -0.979564 0.565285 2 0.6 Steel 0 169 27 37
0 18 0 0 479.771 417.548 3.67916 12.9698 -4.43099 0.162762 2 0.6 Steel 0 82 157 229
0 18 0 0 695.948 477.57 2.42583 11.6194 -0.2089 -0.0267327 2 0.6 Steel 0 124 53 127
0 18 0 0 665.794 634.62 -12.202 4.55689 2.04862 -0.237419 2 0.6 Steel 0 188 17 32
0 18 0 0 979.133 449.03 -2.15503 13.1484 -1.09515 0.170042 2 0.6 Steel 0 24 171 199
0 18 0 0 278.317 383.953 3.60404 18.09 2.05849 0.0310343 2 0.6 Steel 0 117 208 107
0 18 0 0 566.864 506.127 -1.41309 12.1122 -4.04397 0.0286527 2 0.6 Steel 0 190 161 60
0 18 0 0 666.772 572.693 -4.52852 7.82333 1.91478 -0.124228 2 0.6 Steel 0 255 135 166
0 18 0 0 802.917 635.016 -8.29692 6.97431 0.908829 -0.666634 2 0.6 Steel 0 170 126 143
0 18 0 0 925.788 544.116 -2.30996 10.4291 -1.90036 0 2 0.6 Steel 0 68 254 169
0 18 0 0 771.148 512.243 -1.80872 9.18576 -2.15779 -0.0260714 2 0.6 Steel 0 7 202 242
0 18 0 0 388.994 574.166 -4.01414 4.97238 -0.0777421 -0.172516 2 0.6 Steel 0 35 237 180
0 18 0 0 409.004 421.003 3.0745 12.5139 3.90344 -0.193038 2 0.6 Steel 0 8 34 55
0 18 0 0 856.46 543.773 -2.70918 9.75502 -3.75657 0.0329758 2 0.6 Steel 0 4 16 40
0 18 0 0 408.18 359.027 7.82265 16.2908 0.438152 -0.00139839 2 0.6 Steel 0 131 75 48
0 18 0 0 616.446 539.623 0.0241794 9.25323 0.742337 -0.133438 2 0.6 Steel 0 223 144 245
0 18 0 0 907.638 574.597 -5.36736 11.151 -2.38965 0.269708 2 0.6 Steel 0 31 178 175
0 18 0 0 909.55 513.194 -0.913299 8.31516 1.48776 0.0260689 2 0.6 Steel 0 154 49 18
0 18 0 0 719.193 543.014 -1.54478 10.6064 3.12184 0.0409943 2 0.6 Steel 0 49 154 71
0 18 0 0 669.857 510.635 0.160098 10.3076 1.79434 -0.0283861 2 0.6 Steel 0 242 66 115
0 50 0 0 575.874 602.023 1.5242e-08 -0.213619 3.65204 3.37125e-11 1e+09 0.1 Steel 0 121 239 96
0 18 0 0 326.573 372.431 3.65488 21.9587 0.997121 -0.00764827 2 0.6 Steel 0 25 164 25
0 18 0 0 245.187 506.372 1.96714 17.3671 -1.48403 -0.140714 2 0.6 Steel 0 230 230 118
0 18 0 0 444.356 481.555 -2.75401 10.5457 0.279593 -0.233831 2 0.6 Steel 0 130 173 70
0 18 0 0 404.96 604.732 -6.88102 6.21402 -6.07242 0.0811392 2 0.6 Steel 0 198 107 13
0 18 0 0 699.575 634.737 -5.17709 9.13152 0.533577 -0.544485 2 0.6 Steel 0 132 90 104
0 18 0 0 804.652 415.681 5.15345 12.2027 4.74798 -0.00303324 2 0.6 Steel 0 214 148 205
0 18 0 0 214.486 556.773 4.28634 15.9564 1.01903 -0.178181 2 0.6 Steel 0 14 4 37
0 18 0 0 391.191 513.234 -2.17649 13.7508 -3.29857 0.191884 2 0.6 Steel 0 187 77 51
0 18 0 0 214.973 488.163 -1.24135 19.8987 0.144357 0.142597 2 0.6 Steel 0 216 156 170
0 18 0 0 266.035 335.582 7.92749 19.2424 -4.83144 0.351372 2 0.6 Steel 0 227 42 152
0 18 0 0 889.823 604.901 -9.93416 7.54223 -6.25922 0.433291 2 0.6 Steel 0 210 44 254
0 18 0 0 372.267 360.184 2.89883 19.7064 1.06196 -0.178998 2 0.6 Steel 0 141 197 176
0 18 0 0 906.991 635.134 -6.19551 9.95355 2.56943 -0.439546 2 0.6 Steel 0 250 138 160
0 18 0 0 308.695 403.198 1.19193 21.7089 0.113624 -0.0862237 2 0.6 Steel 0 74 39 162
0 18 0 0 422.643 574.26 -2.91964 6.84423 2.61203 -0.298395 2 0.6 Steel 0 160 240 47
0 18 0 0 473.026 604.956 -2.31215 6.7651 -2.68643 0.0299128 2 0.6 Steel 0 202 68 86
0 18 0 0 215.329 634.758 -6.7512 4.83252 2.65931 -0.0584523 2 0.6 Steel 0 219 178 189
0 18 0 0 409.153 482.376 -1.92125 14.5368 1.93594 -0.0735161 2 0.6 Steel 0 85 128 200
0 18 0 0 874.496 513.098 -6.00149 12.1691 0.668766 0.106096 2 0.6 Steel 0 85 22 110
0 18 0 0 303.199 605.701 -6.81679 9.17558 -3.29069 0.0273415 2 0.6 Steel 0 177 70 146
DISTANCE 0
SPRINGS 0
