OBJECTS 503
1 0.0 700.0 40.0 600.0 730.0 0.0 0.0 0.0 0.0 1.0 0.2 Steel 1 180 180 180
1 0.0 40.0 520.0 280.0 480.0 0.0 0.0 0.0 0.0 1.0 0.2 Steel 1 180 180 180
1 0.0 40.0 520.0 920.0 480.0 0.0 0.0 0.0 0.0 1.0 0.2 Steel 1 180 180 180
0 6.0 0.0 0.0 320.0 200.0 0.0 0.0 0.0 0.0 0.05 0.05 Default 0 80 140 255
0 6.0 0.0 0.0 338.0 200.0 0.0 0.0 0.0 0.0 0.05 0.05 Default 0 80 140 255
0 6.0 0.0 0.0 356.0 200.0 0.0 0.0 0.0 0.0 0.05 0.05 Default 0 80 140 255
0 6.0 0.0 0.0 374.0 200.0 0.0 0.0 0.0 0.0 0.05 0.05 Default 0 80 140 255
0 6.0 0.0 0.0 392.0 200.0 0.0 0.0 0.0 0.0 0.05 0.05 Default 0 80 140 255
0 6.0 0.0 0.0 410.0 200.0 0.0 0.0 0.0 0.0 0.05 0.05 Default 0 80 140 255
0 6.0 0.0 0.0 428.0 200.0 0.0 0.0 0.0 0.0 0.05 0.05 Default 0 80 140 255
0 6.0 0.0 0.0 446.0 200.0 0.0 0.0 0.0 0.0 0.05 0.05 Default 0 80 140 255
0 6.0 0.0 0.0 464.0 200.0 0.0 0.0 0.0 0.0 0.05 0.05 Default 0 80 140 255
0 6.0 0.0 0.0 482.0 200.0 0.0 0.0 0.0 0.0 0.05 0.05 Default 0 80 140 255
0 6.0 0.0 0.0 500.0 200.0 0.0 0.0 0.0 0.0 0.05 0.05 Default 0 80 140 255
0 6.0 0.0 0.0 518.0 200.0 0.0 0.0 0.0 0.0 0.05 0.05 Default 0 80 140 255
0 6.0 0.0 0.0 536.0 200.0 0.0 0.0 0.0 0.0 0.05 0.05 Default 0 80 140 255
0 6.0 0.0 0.0 554.0 200.0 0.0 0.0 0.0 0.0 0.05 0.05 Default 0 80 140 255
0 6.0 0.0 0.0 572.0 200.0 0.0 0.0 0.0 0.0 0.05 0.05 Default 0 80 140 255
0 6.0 0.0 0.0 590.0 200.0 0.0 0.0 0.0 0.0 0.05 0.05 Default 0 80 140 255
0 6.0 0.0 0.0 608.0 200.0 0.0 0.0 0.0 0.0 0.05 0.05 Default 0 80 140 255
0 6.0 0.0 0.0 626.0 200.0 0.0 0.0 0.0 0.0 0.05 0.05 Default 0 80 140 255
0 6.0 0.0 0.0 644.0 200.0 0.0 0.0 0.0 0.0 0.05 0.05 Default 0 80 140 255
0 6.0 0.0 0.0 662.0 200.0 0.0 0.0 0.0 0.0 0.05 0.05 Default 0 80 140 255
0 6.0 0.0 0.0 680.0 200.0 0.0 0.0 0.0 0.0 0.05 0.05 Default 0 80 140 255
0 6.0 0.0 0.0 698.0 200.0 0.0 0.0 0.0 0.0 0.05 0.05 Default 0 80 140 255
0 6.0 0.0 0.0 716.0 200.0 0.0 0.0 0.0 0.0 0.05 0.05 Default 0 80 140 255
0 6.0 0.0 0.0 734.0 200.0 0.0 0.0 0.0 0.0 0.05 0.05 Default 0 80 140 255
0 6.0 0.0 0.0 752.0 200.0 0.0 0.0 0.0 0.0 0.05 0.05 Default 0 80 140 255
0 6.0 0.0 0.0 320.0 218.0 0.0 0.0 0.0 0.0 0.05 0.05 Default 0 80 140 255
0 6.0 0.0 0.0 338.0 218.0 0.0 0.0 0.0 0.0 0.05 0.05 Default 0 80 140 255
0 6.0 0.0 0.0 356.0 218.0 0.0 0.0 0.0 0.0 0.05 0.05 Default 0 80 140 255
0 6.0 0.0 0.0 374.0 218.0 0.0 0.0 0.0 0.0 0.05 0.05 Default 0 80 140 255
0 6.0 0.0 0.0 392.0 218.0 0.0 0.0 0.0 0.0 0.05 0.05 Default 0 80 140 255
0 6.0 0.0 0.0 410.0 218.0 0.0 0.0 0.0 0.0 0.05 0.05 Default 0 80 140 255
0 6.0 0.0 0.0 428.0 218.0 0.0 0.0 0.0 0.0 0.05 0.05 Default 0 80 140 255
0 6.0 0.0 0.0 446.0 218.0 0.0 0.0 0.0 0.0 0.05 0.05 Default 0 80 140 255
0 6.0 0.0 0.0 464.0 218.0 0.0 0.0 0.0 0.0 0.05 0.05 Default 0 80 140 255
0 6.0 0.0 0.0 482.0 218.0 0.0 0.0 0.0 0.0 0.05 0.05 Default 0 80 140 255
0 6.0 0.0 0.0 500.0 218.0 0.0 0.0 0.0 0.0 0.05 0.05 Default 0 80 140 255
0 6.0 0.0 0.0 518.0 218.0 0.0 0.0 0.0 0.0 0.05 0.05 Default 0 80 140 255
0 6.0 0.0 0.0 536.0 218.0 0.0 0.0 0.0 0.0 0.05 0.05 Default 0 80 140 255
0 6.0 0.0 0.0 554.0 218.0 0.0 0.0 0.0 0.0 0.05 0.05 Default 0 80 140 255
0 6.0 0.0 0.0 572.0 218.0 0.0 0.0 0.0 0.0 0.05 0.05 Default 0 80 140 255
0 6.0 0.0 0.0 590.0 218.0 0.0 0.0 0.0 0.0 0.05 0.05 Default 0 80 140 255
0 6.0 0.0 0.0 608.0 218.0 0.0 0.0 0.0 0.0 0.05 0.05 Default 0 80 140 255
0 6.0 0.0 0.0 626.0 218.0 0.0 0.0 0.0 0.0 0.05 0.05 Default 0 80 140 255
0 6.0 0.0 0.0 644.0 218.0 0.0 0.0 0.0 0.0 0.05 0.05 Default 0 80 140 255
0 6.0 0.0 0.0 662.0 218.0 0.0 0.0 0.0 0.0 0.05 0.05 Default 0 80 140 255
0 6.0 0.0 0.0 680.0 218.0 0.0 0.0 0.0 0.0 0.05 0.05 Default 0 80 140 255
0 6.0 0.0 0.0 698.0 218.0 0.0 0.0 0.0 0.0 0.05 0.05 Default 0 80 140 255
0 6.0 0.0 0.0 716.0 218.0 0.0 0.0 0.0 0.0 0.05 0.05 Default 0 80 140 255
0 6.0 0.0 0.0 734.0 218.0 0.0 0.0 0.0 0.0 0.05 0.05 Default 0 80 140 255
0 6.0 0.0 0.0 752.0 218.0 0.0 0.0 0.0 0.0 0.05 0.05 Default 0 80 140 255
0 6.0 0.0 0.0 320.0 236.0 0.0 0.0 0.0 0.0 0.05 0.05 Default 0 80 140 255
0 6.0 0.0 0.0 338.0 236.0 0.0 0.0 0.0 0.0 0.05 0.05 Default 0 80 140 255
0 6.0 0.0 0.0 356.0 236.0 0.0 0.0 0.0 0.0 0.05 0.05 Default 0 80 140 255
0 6.0 0.0 0.0 374.0 236.0 0.0 0.0 0.0 0.0 0.05 0.05 Default 0 80 140 255
0 6.0 0.0 0.0 392.0 236.0 0.0 0.0 0.0 0.0 0.05 0.05 Default 0 80 140 255
0 6.0 0.0 0.0 410.0 236.0 0.0 0.0 0.0 0.0 0.05 0.05 Default 0 80 140 255
0 6.0 0.0 0.0 428.0 236.0 0.0 0.0 0.0 0.0 0.05 0.05 Default 0 80 140 255
0 6.0 0.0 0.0 446.0 236.0 0.0 0.0 0.0 0.0 0.05 0.05 Default 0 80 140 255
0 6.0 0.0 0.0 464.0 236.0 0.0 0.0 0.0 0.0 0.05 0.05 Default 0 80 140 255
0 6.0 0.0 0.0 482.0 236.0 0.0 0.0 0.0 0.0 0.05 0.05 Default 0 80 140 255
0 6.0 0.0 0.0 500.0 236.0 0.0 0.0 0.0 0.0 0.05 0.05 Default 0 80 140 255
0 6.0 0.0 0.0 518.0 236.0 0.0 0.0 0.0 0.0 0.05 0.05 Default 0 80 140 255
0 6.0 0.0 0.0 536.0 236.0 0.0 0.0 0.0 0.0 0.05 0.05 Default 0 80 140 255
0 6.0 0.0 0.0 554.0 236.0 0.0 0.0 0.0 0.0 0.05 0.05 Default 0 80 140 255
0 6.0 0.0 0.0 572.0 236.0 0.0 0.0 0.0 0.0 0.05 0.05 Default 0 80 140 255
0 6.0 0.0 0.0 590.0 236.0 0.0 0.0 0.0 0.0 0.05 0.05 Default 0 80 140 255
0 6.0 0.0 0.0 608.0 236.0 0.0 0.0 0.0 0.0 0.05 0.05 Default 0 80 140 255
0 6.0 0.0 0.0 626.0 236.0 0.0 0.0 0.0 0.0 0.05 0.05 Default 0 80 140 255
0 6.0 0.0 0.0 644.0 236.0 0.0 0.0 0.0 0.0 0.05 0.05 Default 0 80 140 255
0 6.0 0.0 0.0 662.0 236.0 0.0 0.0 0.0 0.0 0.05 0.05 Default 0 80 140 255
0 6.0 0.0 0.0 680.0 236.0 0.0 0.0 0.0 0.0 0.05 0.05 Default 0 80 140 255
0 6.0 0.0 0.0 698.0 236.0 0.0 0.0 0.0 0.0 0.05 0.05 Default 0 80 140 255
0 6.0 0.0 0.0 716.0 236.0 0.0 0.0 0.0 0.0 0.05 0.05 Default 0 80 140 255
0 6.0 0.0 0.0 734.0 236.0 0.0 0.0 0.0 0.0 0.05 0.05 Default 0 80 140 255
0 6.0 0.0 0.0 752.0 236.0 0.0 0.0 0.0 0.0 0.05 0.05 Default 0 80 140 255
0 6.0 0.0 0.0 320.0 254.0 0.0 0.0 0.0 0.0 0.05 0.05 Default 0 80 140 255
0 6.0 0.0 0.0 338.0 254.0 0.0 0.0 0.0 0.0 0.05 0.05 Default 0 80 140 255
0 6.0 0.0 0.0 356.0 254.0 0.0 0.0 0.0 0.0 0.05 0.05 Default 0 80 140 255
0 6.0 0.0 0.0 374.0 254.0 0.0 0.0 0.0 0.0 0.05 0.05 Default 0 80 140 255
0 6.0 0.0 0.0 392.0 254.0 0.0 0.0 0.0 0.0 0.05 0.05 Default 0 80 140 255
0 6.0 0.0 0.0 410.0 254.0 0.0 0.0 0.0 0.0 0.05 0.05 Default 0 80 140 255
0 6.0 0.0 0.0 428.0 254.0 0.0 0.0 0.0 0.0 0.05 0.05 Default 0 80 140 255
0 6.0 0.0 0.0 446.0 254.0 0.0 0.0 0.0 0.0 0.05 0.05 Default 0 80 140 255
0 6.0 0.0 0.0 464.0 254.0 0.0 0.0 0.0 0.0 0.05 0.05 Default 0 80 140 255
0 6.0 0.0 0.0 482.0 254.0 0.0 0.0 0.0 0.0 0.05 0.05 Default 0 80 140 255
0 6.0 0.0 0.0 500.0 254.0 0.0 0.0 0.0 0.0 0.05 0.05 Default 0 80 140 255
0 6.0 0.0 0.0 518.0 254.0 0.0 0.0 0.0 0.0 0.05 0.05 Default 0 80 140 255
0 6.0 0.0 0.0 536.0 254.0 0.0 0.0 0.0 0.0 0.05 0.05 Default 0 80 140 255
0 6.0 0.0 0.0 554.0 254.0 0.0 0.0 0.0 0.0 0.05 0.05 Default 0 80 140 255
0 6.0 0.0 0.0 572.0 254.0 0.0 0.0 0.0 0.0 0.05 0.05 Default 0 80 140 255
0 6.0 0.0 0.0 590.0 254.0 0.0 0.0 0.0 0.0 0.05 0.05 Default 0 80 140 255
0 6.0 0.0 0.0 608.0 254.0 0.0 0.0 0.0 0.0 0.05 0.05 Default 0 80 140 255
0 6.0 0.0 0.0 626.0 254.0 0.0 0.0 0.0 0.0 0.05 0.05 Default 0 80 140 255
0 6.0 0.0 0.0 644.0 254.0 0.0 0.0 0.0 0.0 0.05 0.05 Default 0 80 140 255
0 6.0 0.0 0.0 662.0 254.0 0.0 0.0 0.0 0.0 0.05 0.05 Default 0 80 140 255
0 6.0 0.0 0.0 680.0 254.0 0.0 0.0 0.0 0.0 0.05 0.05 Default 0 80 140 255
0 6.0 0.0 0.0 698.0 254.0 0.0 0.0 0.0 0.0 0.05 0.05 Default 0 80 140 255
0 6.0 0.0 0.0 716.0 254.0 0.0 0.0 0.0 0.0 0.05 0.05 Default 0 80 140 255
0 6.0 0.0 0.0 734.0 254.0 0.0 0.0 0.0 0.0 0.05 0.05 Default 0 80 140 255
0 6.0 0.0 0.0 752.0 254.0 0.0 0.0 0.0 0.0 0.05 0.05 Default 0 80 140 255
0 6.0 0.0 0.0 320.0 272.0 0.0 0.0 0.0 0.0 0.05 0.05 Default 0 80 140 255
0 6.0 0.0 0.0 338.0 272.0 0.0 0.0 0.0 0.0 0.05 0.05 Default 0 80 140 255
0 6.0 0.0 0.0 356.0 272.0 0.0 0.0 0.0 0.0 0.05 0.05 Default 0 80 140 255
0 6.0 0.0 0.0 374.0 272.0 0.0 0.0 0.0 0.0 0.05 0.05 Default 0 80 140 255
0 6.0 0.0 0.0 392.0 272.0 0.0 0.0 0.0 0.0 0.05 0.05 Default 0 80 140 255
0 6.0 0.0 0.0 410.0 272.0 0.0 0.0 0.0 0.0 0.05 0.05 Default 0 80 140 255
0 6.0 0.0 0.0 428.0 272.0 0.0 0.0 0.0 0.0 0.05 0.05 Default 0 80 140 255
0 6.0 0.0 0.0 446.0 272.0 0.0 0.0 0.0 0.0 0.05 0.05 Default 0 80 140 255
0 6.0 0.0 0.0 464.0 272.0 0.0 0.0 0.0 0.0 0.05 0.05 Default 0 80 140 255
0 6.0 0.0 0.0 482.0 272.0 0.0 0.0 0.0 0.0 0.05 0.05 Default 0 80 140 255
0 6.0 0.0 0.0 500.0 272.0 0.0 0.0 0.0 0.0 0.05 0.05 Default 0 80 140 255
0 6.0 0.0 0.0 518.0 272.0 0.0 0.0 0.0 0.0 0.05 0.05 Default 0 80 140 255
0 6.0 0.0 0.0 536.0 272.0 0.0 0.0 0.0 0.0 0.05 0.05 Default 0 80 140 255
0 6.0 0.0 0.0 554.0 272.0 0.0 0.0 0.0 0.0 0.05 0.05 Default 0 80 140 255
0 6.0 0.0 0.0 572.0 272.0 0.0 0.0 0.0 0.0 0.05 0.05 Default 0 80 140 255
0 6.0 0.0 0.0 590.0 272.0 0.0 0.0 0.0 0.0 0.05 0.05 Default 0 80 140 255
0 6.0 0.0 0.0 608.0 272.0 0.0 0.0 0.0 0.0 0.05 0.05 Default 0 80 140 255
0 6.0 0.0 0.0 626.0 272.0 0.0 0.0 0.0 0.0 0.05 0.05 Default 0 80 140 255
0 6.0 0.0 0.0 644.0 272.0 0.0 0.0 0.0 0.0 0.05 0.05 Default 0 80 140 255
0 6.0 0.0 0.0 662.0 272.0 0.0 0.0 0.0 0.0 0.05 0.05 Default 0 80 140 255
0 6.0 0.0 0.0 680.0 272.0 0.0 0.0 0.0 0.0 0.05 0.05 Default 0 80 140 255
0 6.0 0.0 0.0 698.0 272.0 0.0 0.0 0.0 0.0 0.05 0.05 Default 0 80 140 255
0 6.0 0.0 0.0 716.0 272.0 0.0 0.0 0.0 0.0 0.05 0.05 Default 0 80 140 255
0 6.0 0.0 0.0 734.0 272.0 0.0 0.0 0.0 0.0 0.05 0.05 Default 0 80 140 255
0 6.0 0.0 0.0 752.0 272.0 0.0 0.0 0.0 0.0 0.05 0.05 Default 0 80 140 255
0 6.0 0.0 0.0 320.0 290.0 0.0 0.0 0.0 0.0 0.05 0.05 Default 0 80 140 255
0 6.0 0.0 0.0 338.0 290.0 0.0 0.0 0.0 0.0 0.05 0.05 Default 0 80 140 255
0 6.0 0.0 0.0 356.0 290.0 0.0 0.0 0.0 0.0 0.05 0.05 Default 0 80 140 255
0 6.0 0.0 0.0 374.0 290.0 0.0 0.0 0.0 0.0 0.05 0.05 Default 0 80 140 255
0 6.0 0.0 0.0 392.0 290.0 0.0 0.0 0.0 0.0 0.05 0.05 Default 0 80 140 255
0 6.0 0.0 0.0 410.0 290.0 0.0 0.0 0.0 0.0 0.05 0.05 Default 0 80 140 255
0 6.0 0.0 0.0 428.0 290.0 0.0 0.0 0.0 0.0 0.05 0.05 Default 0 80 140 255
0 6.0 0.0 0.0 446.0 290.0 0.0 0.0 0.0 0.0 0.05 0.05 Default 0 80 140 255
0 6.0 0.0 0.0 464.0 290.0 0.0 0.0 0.0 0.0 0.05 0.05 Default 0 80 140 255
0 6.0 0.0 0.0 482.0 290.0 0.0 0.0 0.0 0.0 0.05 0.05 Default 0 80 140 255
0 6.0 0.0 0.0 500.0 290.0 0.0 0.0 0.0 0.0 0.05 0.05 Default 0 80 140 255
0 6.0 0.0 0.0 518.0 290.0 0.0 0.0 0.0 0.0 0.05 0.05 Default 0 80 140 255
0 6.0 0.0 0.0 536.0 290.0 0.0 0.0 0.0 0.0 0.05 0.05 Default 0 80 140 255
0 6.0 0.0 0.0 554.0 290.0 0.0 0.0 0.0 0.0 0.05 0.05 Default 0 80 140 255
0 6.0 0.0 0.0 572.0 290.0 0.0 0.0 0.0 0.0 0.05 0.05 Default 0 80 140 255
0 6.0 0.0 0.0 590.0 290.0 0.0 0.0 0.0 0.0 0.05 0.05 Default 0 80 140 255
0 6.0 0.0 0.0 608.0 290.0 0.0 0.0 0.0 0.0 0.05 0.05 Default 0 80 140 255
0 6.0 0.0 0.0 626.0 290.0 0.0 0.0 0.0 0.0 0.05 0.05 Default 0 80 140 255
0 6.0 0.0 0.0 644.0 290.0 0.0 0.0 0.0 0.0 0.05 0.05 Default 0 80 140 255
0 6.0 0.0 0.0 662.0 290.0 0.0 0.0 0.0 0.0 0.05 0.05 Default 0 80 140 255
0 6.0 0.0 0.0 680.0 290.0 0.0 0.0 0.0 0.0 0.05 0.05 Default 0 80 140 255
0 6.0 0.0 0.0 698.0 290.0 0.0 0.0 0.0 0.0 0.05 0.05 Default 0 80 140 255
0 6.0 0.0 0.0 716.0 290.0 0.0 0.0 0.0 0.0 0.05 0.05 Default 0 80 140 255
0 6.0 0.0 0.0 734.0 290.0 0.0 0.0 0.0 0.0 0.05 0.05 Default 0 80 140 255
0 6.0 0.0 0.0 752.0 290.0 0.0 0.0 0.0 0.0 0.05 0.05 Default 0 80 140 255
0 6.0 0.0 0.0 320.0 308.0 0.0 0.0 0.0 0.0 0.05 0.05 Default 0 80 140 255
0 6.0 0.0 0.0 338.0 308.0 0.0 0.0 0.0 0.0 0.05 0.05 Default 0 80 140 255
0 6.0 0.0 0.0 356.0 308.0 0.0 0.0 0.0 0.0 0.05 0.05 Default 0 80 140 255
0 6.0 0.0 0.0 374.0 308.0 0.0 0.0 0.0 0.0 0.05 0.05 Default 0 80 140 255
0 6.0 0.0 0.0 392.0 308.0 0.0 0.0 0.0 0.0 0.05 0.05 Default 0 80 140 255
0 6.0 0.0 0.0 410.0 308.0 0.0 0.0 0.0 0.0 0.05 0.05 Default 0 80 140 255
0 6.0 0.0 0.0 428.0 308.0 0.0 0.0 0.0 0.0 0.05 0.05 Default 0 80 140 255
0 6.0 0.0 0.0 446.0 308.0 0.0 0.0 0.0 0.0 0.05 0.05 Default 0 80 140 255
0 6.0 0.0 0.0 464.0 308.0 0.0 0.0 0.0 0.0 0.05 0.05 Default 0 80 140 255
0 6.0 0.0 0.0 482.0 308.0 0.0 0.0 0.0 0.0 0.05 0.05 Default 0 80 140 255
0 6.0 0.0 0.0 500.0 308.0 0.0 0.0 0.0 0.0 0.05 0.05 Default 0 80 140 255
0 6.0 0.0 0.0 518.0 308.0 0.0 0.0 0.0 0.0 0.05 0.05 Default 0 80 140 255
0 6.0 0.0 0.0 536.0 308.0 0.0 0.0 0.0 0.0 0.05 0.05 Default 0 80 140 255
0 6.0 0.0 0.0 554.0 308.0 0.0 0.0 0.0 0.0 0.05 0.05 Default 0 80 140 255
0 6.0 0.0 0.0 572.0 308.0 0.0 0.0 0.0 0.0 0.05 0.05 Default 0 80 140 255
0 6.0 0.0 0.0 590.0 308.0 0.0 0.0 0.0 0.0 0.05 0.05 Default 0 80 140 255
0 6.0 0.0 0.0 608.0 308.0 0.0 0.0 0.0 0.0 0.05 0.05 Default 0 80 140 255
0 6.0 0.0 0.0 626.0 308.0 0.0 0.0 0.0 0.0 0.05 0.05 Default 0 80 140 255
0 6.0 0.0 0.0 644.0 308.0 0.0 0.0 0.0 0.0 0.05 0.05 Default 0 80 140 255
0 6.0 0.0 0.0 662.0 308.0 0.0 0.0 0.0 0.0 0.05 0.05 Default 0 80 140 255
0 6.0 0.0 0.0 680.0 308.0 0.0 0.0 0.0 0.0 0.05 0.05 Default 0 80 140 255
0 6.0 0.0 0.0 698.0 308.0 0.0 0.0 0.0 0.0 0.05 0.05 Default 0 80 140 255
0 6.0 0.0 0.0 716.0 308.0 0.0 0.0 0.0 0.0 0.05 0.05 Default 0 80 140 255
0 6.0 0.0 0.0 734.0 308.0 0.0 0.0 0.0 0.0 0.05 0.05 Default 0 80 140 255
0 6.0 0.0 0.0 752.0 308.0 0.0 0.0 0.0 0.0 0.05 0.05 Default 0 80 140 255
0 6.0 0.0 0.0 320.0 326.0 0.0 0.0 0.0 0.0 0.05 0.05 Default 0 80 140 255
0 6.0 0.0 0.0 338.0 326.0 0.0 0.0 0.0 0.0 0.05 0.05 Default 0 80 140 255
0 6.0 0.0 0.0 356.0 326.0 0.0 0.0 0.0 0.0 0.05 0.05 Default 0 80 140 255
0 6.0 0.0 0.0 374.0 326.0 0.0 0.0 0.0 0.0 0.05 0.05 Default 0 80 140 255
0 6.0 0.0 0.0 392.0 326.0 0.0 0.0 0.0 0.0 0.05 0.05 Default 0 80 140 255
0 6.0 0.0 0.0 410.0 326.0 0.0 0.0 0.0 0.0 0.05 0.05 Default 0 80 140 255
0 6.0 0.0 0.0 428.0 326.0 0.0 0.0 0.0 0.0 0.05 0.05 Default 0 80 140 255
0 6.0 0.0 0.0 446.0 326.0 0.0 0.0 0.0 0.0 0.05 0.05 Default 0 80 140 255
0 6.0 0.0 0.0 464.0 326.0 0.0 0.0 0.0 0.0 0.05 0.05 Default 0 80 140 255
0 6.0 0.0 0.0 482.0 326.0 0.0 0.0 0.0 0.0 0.05 0.05 Default 0 80 140 255
0 6.0 0.0 0.0 500.0 326.0 0.0 0.0 0.0 0.0 0.05 0.05 Default 0 80 140 255
0 6.0 0.0 0.0 518.0 326.0 0.0 0.0 0.0 0.0 0.05 0.05 Default 0 80 140 255
0 6.0 0.0 0.0 536.0 326.0 0.0 0.0 0.0 0.0 0.05 0.05 Default 0 80 140 255
0 6.0 0.0 0.0 554.0 326.0 0.0 0.0 0.0 0.0 0.05 0.05 Default 0 80 140 255
0 6.0 0.0 0.0 572.0 326.0 0.0 0.0 0.0 0.0 0.05 0.05 Default 0 80 140 255
0 6.0 0.0 0.0 590.0 326.0 0.0 0.0 0.0 0.0 0.05 0.05 Default 0 80 140 255
0 6.0 0.0 0.0 608.0 326.0 0.0 0.0 0.0 0.0 0.05 0.05 Default 0 80 140 255
0 6.0 0.0 0.0 626.0 326.0 0.0 0.0 0.0 0.0 0.05 0.05 Default 0 80 140 255
0 6.0 0.0 0.0 644.0 326.0 0.0 0.0 0.0 0.0 0.05 0.05 Default 0 80 140 255
0 6.0 0.0 0.0 662.0 326.0 0.0 0.0 0.0 0.0 0.05 0.05 Default 0 80 140 255
0 6.0 0.0 0.0 680.0 326.0 0.0 0.0 0.0 0.0 0.05 0.05 Default 0 80 140 255
0 6.0 0.0 0.0 698.0 326.0 0.0 0.0 0.0 0.0 0.05 0.05 Default 0 80 140 255
0 6.0 0.0 0.0 716.0 326.0 0.0 0.0 0.0 0.0 0.05 0.05 Default 0 80 140 255
0 6.0 0.0 0.0 734.0 326.0 0.0 0.0 0.0 0.0 0.05 0.05 Default 0 80 140 255
