OBJECTS 21
1 0 20 500 71 406 0 0 0 0 4 0.6 Steel 1 26 221 103 0
1 0 20 500 1169 388 0 0 0 0 4 0.6 Steel 1 12 30 255 0
0 18 0 0 121.358 422.48 -0.00753923 0.00668964 -0.000468962 -0.000300885 2 0.6 Steel 0 202 242 160
0 18 0 0 168.26 426.659 -0.03901 0.0679211 -0.000146535 0.000377747 2 0.6 Steel 0 205 157 187
0 18 0 0 218.7 421.772 -0.106855 -0.0639056 -0.0224523 0.000673703 2 0.6 Steel 0 230 244 221
0 18 0 0 269.857 419.915 -0.0800884 -0.27909 0.0328869 -0.00185481 2 0.6 Steel 0 157 243 59
0 18 0 0 318.969 424.176 -0.12566 -0.504827 0.0222596 -0.00241404 2 0.6 Steel 0 24 236 76
0 18 0 0 363.938 419.206 -0.121577 -0.130389 -0.0337467 0.000678641 2 0.6 Steel 0 225 138 45
0 18 0 0 410.775 427.094 -0.140836 -0.289751 -0.0072293 -0.00078687 2 0.6 Steel 0 177 133 99
0 18 0 0 471.032 423.278 -0.140524 0.0427636 0.035206 0.00132908 2 0.6 Steel 0 222 205 66
0 18 0 0 524.289 425.946 -0.152912 0.0371256 0.00367777 -0.00116571 2 0.6 Steel 0 101 22 154
0 18 0 0 570.509 424.981 -0.156618 0.104866 0.011663 0.000890287 2 0.6 Steel 0 173 138 25
0 18 0 0 624.722 430.246 -0.164498 0.107146 -0.00614009 -0.00398224 2 0.6 Steel 0 72 252 54
0 18 0 0 686.769 423.765 -0.15158 0.162903 0.00196506 0.000999195 2 0.6 Steel 0 168 7 111
0 18 0 0 735.935 424.885 -0.202419 -0.0917571 -0.0231246 1.25757e-05 2 0.6 Steel 0 228 248 253
0 18 0 0 789.062 424.126 -0.253676 0.0623717 -0.0166344 -0.00190454 2 0.6 Steel 0 136 5 122
0 18 0 0 858.171 424.33 -0.310722 -0.268936 0.00452302 -0.0016545 2 0.6 Steel 0 67 226 18
0 18 0 0 913.031 418.979 -0.440836 -0.145996 -0.0650179 0.0056096 2 0.6 Steel 0 189 215 120
0 18 0 0 969.162 419.699 -0.460105 -0.394473 0.00369868 -0.00521155 2 0.6 Steel 0 41 28 125
0 18 0 0 1034.22 416.896 -0.319877 0.281567 -0.0492512 -0.00166246 2 0.6 Steel 0 174 230 191
0 18 0 0 1099.13 429.907 -0.52747 -0.287454 -4.54395 0.230022 2 0.6 Steel 0 3 206 151
DISTANCE 20
20 1 2.77104 0.00925057 -5 30 67.0671 2 0.7
20 19 0.94255 3.03019 -1 0 64.0827 2 0.7
19 18 -1 3.9881e-06 1 -1 63.0714 2 0.7
18 17 0.999171 -0.999914 -3 1 60.0524 2 0.7
17 16 -3.00074 1.00017 1 0 51.0453 2 0.7
16 15 0.992981 -3.39889e-06 -1 -1 71.0745 2 0.7
15 14 -1.00713 -1.0002 -2 -1 54.0749 2 0.7
14 13 -2.00444 -1.00027 1 0 46.0837 2 0.7
13 12 0.993896 1.06697e-08 -1 -3 64.1044 2 0.7
12 11 -1.00559 -3.00062 0 1 53.172 2 0.7
11 10 -0.00951838 1 -1 -1 47.1643 2 0.7
10 9 -1.00428 -1.00011 2 1 50.2506 2 0.7
9 8 1.98675 0.999717 0 -1 62.199 2 0.7
8 7 -0.0249812 -1 -1 0 48.2546 2 0.7
7 6 -1.05103 1.18305e-05 1 1 43.3189 2 0.7
6 5 0.954989 0.999706 1 -1 49.3736 2 0.7
5 4 0.966011 -0.999786 -1 0 53.209 2 0.7
4 3 -1.04056 5.07891e-06 0 1 49.7124 2 0.7
3 2 -0.038162 1.00001 -1 -2 48.371 2 0.7
2 0 -1.05361 -2.00069 5 15 44.2905 2 0.7
SPRINGS 0
